101100101101101101100101
000100101101101100100110
001000100111110111000100
101101101100101101101100
101101100100100100101101
001101101000001111111100
100101101100101100101101
100101101100100100100100
000001110000001000111001
101101101101100101101101
101100111111100100100110
100001000001000110001010
100100101101101100101101
101100100100110100100110
100000110001010000001111
101101100100100010011011
100111101101101101100101
001001110110110001011100
001011010000010011001010
000110110001111110100011
111000010001111110010001
011000000011000010000001
010111010010001110100001
110110100010110101111101
