65
40
98
29
84
17
23
17
47
81
43
29
59
74
42
20
19
40
19
96
98
7
5
39
24
56
77
68
10
74
97
89
53
11
83
69
22
74
27
48
39
66
92
82
63
31
10
26
59
32
36
92
79
69
97
10
34
79
41
95
80
100
51
60
48
51
80
69
33
7
17
93
16
54
11
56
71
96
19
93
65
39
66
95
68
53
85
28
17
85
85
18
13
31
6
62
89
52
23
86
68
34
42
90
46
81
59
38
2
100
53
46
66
36
87
69
43
94
28
45
15
21
83
67
67
40
14
70
32
35
60
78
50
80
88
19
71
24
63
67
13
34
15
54
62
53
68
9
67
81
86
38
78
9
83
12
31
8
36
47
13
8
60
75
61
84
69
79
25
67
87
17
39
57
67
17
94
48
92
29
98
89
33
2
84
18
88
54
82
63
4
30
30
53
57
80
61
40
47
89
77
89
28
96
68
48
7
71
48
3
6
75
8
20
77
60
7
68
66
44
67
24
5
61
59
31
7
86
25
55
66
10
96
83
30
81
35
67
62
19
72
42
98
54
37
83
17
4
85
58
78
20
13
92
88
20
86
17
79
33
5
37
24
4
43
93
34
67
44
53
13
90
30
81
96
100
74
90
19
55
33
19
35
79
61
48
2
3
71
60
66
70
21
9
59
1
91
79
43
47
8
40
40
19
74
98
92
57
50
82
24
55
67
87
79
63
19
88
52
14
32
66
23
60
77
45
67
5
66
7
16
18
28
99
96
58
41
28
96
88
73
80
70
76
63
12
91
80
50
77
87
83
55
5
31
2
97
27
44
19
13
66
87
8
81
8
1
2
78
86
6
11
76
53
48
63
34
82
22
43
76
30
4
13
35
47
82
75
90
39
48
95
90
6
13
33
44
45
66
54
89
11
12
63
92
26
84
97
39
75
48
38
15
16
91
48
32
19
94
16
40
76
93
12
86
2
34
71
37
5
41
98
13
40
18
77
60
97
33
77
5
37
51
14
34
93
77
68
57
91
46
12
20
79
62
73
59
47
76
71
97
44
85
15
14
1
95
2
46
91
18
44
89
84
27
99
37
56
24
11
89
81
45
29
32
97
53
36
9
64
65
77
70
45
63
10
15
38
54
30
2
30
74
8
57
33
18
46
69
25
33
12
4
94
6
52
68
78
36
58
66
48
71
89
35
15
69
68
38
53
49
62
34
38
34
20
83
48
66
92
50
47
77
79
40
73
75
67
2
76
53
80
9
30
77
34
43
100
73
41
82
80
96
90
13
59
24
58
87
22
94
57
35
28
64
84
80
91
56
51
3
90
27
18
10
66
76
76
97
26
93
52
20
81
32
8
93
13
1
37
82
81
18
57
93
85
21
83
68
55
81
99
77
26
6
98
96
54
86
41
36
75
88
26
22
66
80
48
67
63
95
52
60
4
69
43
19
31
99
61
40
39
96
71
25
83
28
99
47
73
94
76
67
68
89
52
7
40
59
41
46
22
98
38
94
85
58
73
65
81
15
3
88
47
70
62
39
64
11
35
12
47
27
22
2
91
36
57
11
74
2
97
55
69
61
62
65
3
52
99
95
76
4
86
43
92
38
3
12
16
70
52
47
36
47
22
30
34
56
23
91
1
8
24
64
7
22
31
24
28
84
87
75
46
9
99
92
6
59
85
76
88
56
57
88
53
63
47
17
61
58
11
44
37
19
55
36
30
61
37
65
47
81
56
73
86
86
91
8
76
5
2
72
22
24
64
40
98
84
56
21
1
57
22
58
29
18
15
9
28
81
15
33
17
22
44
99
65
43
38
11
2
78
27
33
59
23
76
95
30
81
67
39
67
18
78
87
24
55
99
93
5
5
33
54
45
20
2
57
53
95
34
60
77
38
9
3
82
9
81
76
50
84
66
79
1
28
32
44
66
96
91
96
36
9
6
86
83
26
9
31
78
53
19
58
100
77
95
71
73
90
81
99
23
100
36
54
39
98
93
32
16
1
90
82
35
72
35
6
65
64
14
93
9
30
18
92
8
97
80
39
4
88
41
73
13
57
8
4
7
76
92
86
2
20
77
40
57
59
69
6
53
84
1
35
57
75
9
90
35
27
78
12
45
33
65
12
49
73
43
36
35
5
58
51
84
22
99
91
23
18
93
31
15
44
84
28
8
38
24
12
94
61
19
8
3
76
99
76
15
49
36
4
5
84
27
77
57
40
76
12
65
14
43
28
32
19
19
1
81
47
62
56
90
21
73
1
83
32
53
